Diagonalization takes time: 0.02ms
The input matrix size is: 7*7
The input Matrix A is:
   2.00000000000000e+00  -1.00000000000000e+00   0.00000000000000e+00   0.00000000000000e+00   0.00000000000000e+00   0.00000000000000e+00   0.00000000000000e+00
  -1.00000000000000e+00   2.00000000000000e+00  -1.00000000000000e+00   0.00000000000000e+00   0.00000000000000e+00   0.00000000000000e+00   0.00000000000000e+00
   0.00000000000000e+00  -1.00000000000000e+00   2.00000000000000e+00  -1.00000000000000e+00   0.00000000000000e+00   0.00000000000000e+00   0.00000000000000e+00
   0.00000000000000e+00   0.00000000000000e+00  -1.00000000000000e+00   2.00000000000000e+00  -1.00000000000000e+00   0.00000000000000e+00   0.00000000000000e+00
   0.00000000000000e+00   0.00000000000000e+00   0.00000000000000e+00  -1.00000000000000e+00   2.00000000000000e+00  -1.00000000000000e+00   0.00000000000000e+00
   0.00000000000000e+00   0.00000000000000e+00   0.00000000000000e+00   0.00000000000000e+00  -1.00000000000000e+00   2.00000000000000e+00  -1.00000000000000e+00
   0.00000000000000e+00   0.00000000000000e+00   0.00000000000000e+00   0.00000000000000e+00   0.00000000000000e+00  -1.00000000000000e+00   2.00000000000000e+00
The eigenvectors are: 
   1.91345634822373e-01   3.53559803074227e-01   4.61946165985771e-01   5.00003413188526e-01   4.61937509058516e-01   3.53543807195887e-01   1.91324735289659e-01
   3.53555679564438e-01   5.00001079033683e-01   3.53549575661091e-01  -8.63218563843468e-06  -3.53561783362404e-01  -5.00001078884654e-01  -3.53543471652367e-01
   4.61938777556862e-01   3.53555574231925e-01  -1.91336805729374e-01  -4.99999643247162e-01  -1.91349536211788e-01   3.53545830661481e-01   4.61944050571293e-01
   5.00000000021828e-01   3.81469726579153e-06  -4.99999999992724e-01  -7.62939453136102e-06   4.99999999934516e-01   1.14440917964864e-05  -4.99999999847205e-01
   4.61938777556862e-01  -3.53555574231925e-01  -1.91336805729374e-01   4.99999643247162e-01  -1.91349536211788e-01  -3.53545830661481e-01   4.61944050571293e-01
   3.53555679564438e-01  -5.00001079033683e-01   3.53549575661091e-01   8.63218563843468e-06  -3.53561783362404e-01   5.00001078884654e-01  -3.53543471652367e-01
   1.91345005153991e-01  -3.53558772684020e-01   4.61945137649736e-01  -5.00002864753815e-01   4.61937871779141e-01  -3.53545347132159e-01   1.91327463888205e-01
The eigenvalues are: 
1.52245263381958e-01
5.85792541503906e-01
1.23462677001953e+00
1.99999237060547e+00
2.76537322998047e+00
3.41420745849609e+00
3.84775543212891e+00
